PVAL Information
================
Number of healthy samples:	921
Number of non-healthy samples:	3871

First 5 PVALs:
[0.58496015 0.22228566 0.99286623 0.44107349 0.02075848]

Significant PVALs (< 0.01):
[0.00713076 0.00280664 0.00447532 0.00695403 0.0095024  0.00308184
 0.00265517 0.00862624 0.00047889 0.00393502 0.00972633]

Indices of significant PVALs (< 0.01):
[ 98 146 165 378 554 657 658 724 772 779 920]

Significant PVALs (< 0.05):
[0.02075848 0.02938473 0.03242154 0.04848348 0.00713076 0.03678034
 0.04683994 0.04625377 0.00280664 0.00447532 0.01731242 0.03039537
 0.0253079  0.04638951 0.0138405  0.01351377 0.01871575 0.01537868
 0.00695403 0.03317295 0.03730221 0.04713393 0.03537926 0.02065194
 0.01217176 0.03683119 0.04541429 0.04941644 0.03588439 0.01697125
 0.0095024  0.01936447 0.0440161  0.02833617 0.02052059 0.02500193
 0.00308184 0.00265517 0.02353559 0.03887639 0.01007996 0.00862624
 0.01005678 0.00047889 0.00393502 0.02415052 0.03156751 0.03692355
 0.01760893 0.00972633]

Indices of significant PVALs (< 0.05):
[  4  21  41  92  98 115 123 125 146 165 241 271 287 321 345 349 354 377
 378 392 394 414 417 430 449 455 464 486 489 535 554 577 599 620 634 642
 657 658 693 696 711 724 734 772 779 788 802 853 917 920]
